28800
1680
( DIRT 25920 80 160 560 )
( GRASS 11280 560 320 80 )
( DIRT 16800 560 400 80 )
( DIRT 17840 560 80 160 )
( GRASS 25360 560 560 80 )
( DIRT 11280 640 320 160 )
( THORN_BLOCK 11600 640 160 80 )
( GRASS 11760 640 160 80 )
( DIRT 16720 640 560 80 )
( DIRT 17760 640 80 80 )
( DIRT 24560 640 400 80 )
( GRASS 7440 720 320 80 )
( THORN_BLOCK 7760 720 80 80 )
( GRASS 11600 720 160 80 )
( DIRT 11760 720 160 160 )
( THORN_BLOCK 11920 720 160 80 )
( GRASS 12080 720 160 80 )
( DIRT 14880 720 400 80 )
( DIRT 22480 720 160 240 )
( GRASS 4240 800 240 80 )
( GRASS 7200 800 240 80 )
( DIRT 7440 800 320 80 )
( GRASS 7760 800 80 80 )
( THORN_BLOCK 7840 800 80 80 )
( DIRT 11280 800 480 80 )
( GRASS 11920 800 160 80 )
( DIRT 12080 800 160 160 )
( THORN_BLOCK 12240 800 160 80 )
( GRASS 12400 800 160 80 )
( GRASS 28160 800 640 80 )
( DIRT 4240 880 240 240 )
( DIRT 7200 880 640 80 )
( GRASS 7840 880 80 80 )
( THORN_BLOCK 7920 880 80 80 )
( DIRT 11280 880 800 80 )
( GRASS 12240 880 160 80 )
( DIRT 12400 880 160 160 )
( GRASS 27760 880 240 80 )
( DIRT 28160 880 640 800 )
( DIRT 1760 960 560 80 )
( DIRT 7200 960 720 80 )
( GRASS 7920 960 80 80 )
( THORN_BLOCK 8000 960 80 80 )
( GRASS 10160 960 320 80 )
( DIRT 11280 960 1120 80 )
( GRASS 12560 960 160 80 )
( GRASS 15760 960 160 80 )
( GRASS 23920 960 2080 80 )
( GRASS 27360 960 240 80 )
( DIRT 27760 960 240 720 )
( DIRT 3040 1040 240 80 )
( GRASS 4480 1040 160 80 )
( DIRT 7200 1040 800 80 )
( GRASS 8000 1040 80 80 )
( THORN_BLOCK 8080 1040 80 80 )
( DIRT 10160 1040 320 80 )
( GRASS 10480 1040 800 80 )
( DIRT 11280 1040 1440 160 )
( GRASS 15680 1040 80 80 )
( DIRT 15760 1040 160 80 )
( GRASS 15920 1040 80 80 )
( GRASS 18800 1040 1600 80 )
( GRASS 20480 1040 80 80 )
( THORN_BLOCK 20560 1040 240 80 )
( GRASS 20800 1040 560 80 )
( GRASS 23760 1040 160 80 )
( DIRT 23920 1040 2080 80 )
( GRASS 26800 1040 400 80 )
( DIRT 27360 1040 240 640 )
( GRASS 4080 1120 160 80 )
( DIRT 4240 1120 400 160 )
( DIRT 7200 1120 880 80 )
( GRASS 8080 1120 80 80 )
( THORN_BLOCK 8160 1120 80 80 )
( DIRT 10160 1120 1120 80 )
( GRASS 12720 1120 480 80 )
( THORN_BLOCK 13200 1120 720 80 )
( GRASS 13920 1120 560 80 )
( GRASS 15600 1120 80 80 )
( DIRT 15680 1120 320 80 )
( GRASS 16000 1120 240 80 )
( GRASS 16640 1120 1280 80 )
( GRASS 18640 1120 160 80 )
( DIRT 18800 1120 400 240 )
( DIRT 19440 1120 960 80 )
( DIRT 20480 1120 80 80 )
( GRASS 20560 1120 240 80 )
( DIRT 20800 1120 560 80 )
( GRASS 21360 1120 240 80 )
( GRASS 23600 1120 160 80 )
( DIRT 23760 1120 1280 320 )
( DIRT 26800 1120 400 560 )
( DIRT 4080 1200 160 80 )
( GRASS 4640 1200 560 80 )
( THORN_BLOCK 5200 1200 240 80 )
( GRASS 5440 1200 560 80 )
( DIRT 7200 1200 960 80 )
( GRASS 8160 1200 80 80 )
( THORN_BLOCK 8240 1200 240 80 )
( GRASS 8480 1200 1200 80 )
( THORN_BLOCK 9680 1200 480 80 )
( DIRT 10160 1200 3040 80 )
( GRASS 13200 1200 720 80 )
( DIRT 13920 1200 560 80 )
( GRASS 14480 1200 1120 80 )
( DIRT 15600 1200 640 80 )
( GRASS 16240 1200 400 80 )
( DIRT 16640 1200 1280 80 )
( GRASS 17920 1200 160 80 )
( GRASS 18480 1200 160 80 )
( DIRT 18640 1200 160 160 )
( DIRT 20560 1200 1040 80 )
( GRASS 21600 1200 2000 80 )
( DIRT 23600 1200 160 240 )
( GRASS 26560 1200 240 80 )
( GRASS 0 1280 2640 80 )
( GRASS 3680 1280 400 80 )
( DIRT 4080 1280 1120 80 )
( GRASS 5200 1280 240 80 )
( DIRT 5440 1280 560 80 )
( GRASS 6000 1280 1200 80 )
( DIRT 7200 1280 1040 80 )
( GRASS 8240 1280 240 80 )
( DIRT 8480 1280 1200 80 )
( GRASS 9680 1280 480 80 )
( DIRT 10160 1280 7920 80 )
( GRASS 18080 1280 400 80 )
( DIRT 18480 1280 160 80 )
( DIRT 20560 1280 3040 160 )
( DIRT 26560 1280 240 400 )
( DIRT 0 1360 2640 80 )
( GRASS 2640 1360 320 80 )
( GRASS 3360 1360 320 80 )
( DIRT 3680 1360 16880 80 )
( GRASS 25360 1360 1200 80 )
( DIRT 0 1440 2960 80 )
( GRASS 2960 1440 400 80 )
( DIRT 3360 1440 23200 160 )
( DIRT 0 1520 3360 80 )
( DIRT 24080 1600 2480 80 )
( PLAYER 160 1200 160 160 )
( COIN 2040 920 40 40 )
( COIN 3080 1000 40 40 )
( COIN 3160 1000 40 40 )
( COIN 3240 1000 40 40 )
( WOOD_BOX 6080 1200 160 160 )
( COIN 5240 920 40 40 )
( COIN 5320 840 40 40 )
( COIN 5400 920 40 40 )
( COIN 7000 920 40 40 )
( COIN 7080 840 40 40 )
( COIN 7160 760 40 40 )
( COIN 8120 600 40 40 )
( COIN 8200 680 40 40 )
( COIN 8280 760 40 40 )
( IRON_BOX 10640 960 160 160 )
( IRON_BOX 12800 1040 160 160 )
( ONE_EYE 15080 1160 80 80 )
( COIN 15160 680 40 40 )
( COIN 15080 680 40 40 )
( COIN 15080 680 40 40 )
( COIN 15000 680 40 40 )
( WOOD_BOX 8320 1120 160 160 )
( ONE_EYE 17160 520 80 80 )
( COIN 16920 440 40 40 )
( COIN 17000 440 40 40 )
( COIN 17080 440 40 40 )
( STAR_COIN 17000 280 80 80 )
( COIN 17320 600 40 40 )
( COIN 17400 680 40 40 )
( COIN 17480 760 40 40 )
( WOOD_BOX 19280 960 160 160 )
( BEnem 20360 960 80 160 )
( COIN 19240 1160 40 40 )
( COIN 19400 1160 40 40 )
( COIN 19320 1160 40 40 )
( COIN 19320 1240 40 40 )
( COIN 19240 1240 40 40 )
( COIN 19240 1320 40 40 )
( COIN 19320 1320 40 40 )
( COIN 19400 1240 40 40 )
( COIN 19400 1320 40 40 )
( IRON_BOX 13760 1040 160 160 )
( WOOD_BOX 16960 1040 160 160 )
( BEnem 17800 560 80 160 )
( WOOD_BOX 20400 960 160 160 )
( ROCK_GENERATOR 22520 800 80 160 1 )
( ONE_EYE 18280 1240 80 80 )
( WOOD_BOX 24800 560 160 160 )
( ROCK_GENERATOR 25880 480 80 160 1 )
( COIN 25480 520 40 40 )
( COIN 25560 520 40 40 )
( COIN 25640 520 40 40 )
( COIN 25080 1160 40 40 )
( COIN 25160 1160 40 40 )
( COIN 25240 1160 40 40 )
( COIN 25240 1240 40 40 )
( COIN 25160 1240 40 40 )
( COIN 25080 1240 40 40 )
( COIN 25080 1320 40 40 )
( COIN 25160 1320 40 40 )
( COIN 25240 1320 40 40 )
( COIN 25240 1400 40 40 )
( COIN 25160 1400 40 40 )
( COIN 25080 1400 40 40 )
( GOAL 28480 760 160 80 )
( BREAK_BLOCK 25440 640 160 320 )
( BREAK_BLOCK 22480 960 160 240 )
( BREAK_BLOCK 25840 1120 160 240 )
