28880
12400
Layer: 0
( GRASS 9240 9080 400 80 )
( DIRT 9240 9360 400 480 )
( GRASS 20600 9160 560 80 )
( GRASS 12920 9240 400 80 )
( DIRT 20600 9720 560 1040 )
( GRASS 7240 9320 720 80 )
( DIRT 12920 10040 400 1520 )
( DIRT 7200 9440 640 160 )
( DASH_BLOCK_R 11320 9400 80 80 1 )
( GRASS 10960 9480 160 80 )
( THORN_PROTUDE 11080 9480 80 80 )
( GRASS 11240 9480 240 80 )
( GRASS 12120 9480 240 80 )
( DIRT 7240 9680 720 320 )
( GRASS 8000 9560 800 80 )
( GRASS 10600 9560 240 80 )
( DIRT 9360 9760 160 320 )
( GRASS 6760 9720 240 80 )
( GRASS 10200 9800 240 80 )
( DIRT 7280 10080 640 480 )
( GRASS 8560 9880 960 80 )
( DIRT 9160 9880 240 80 )
( GRASS 17680 9880 480 80 )
( THORN_BLOCK 18240 9880 640 80 )
( GRASS 19040 9880 960 80 )
( DIRT 18480 10080 2080 320 )
( GRASS 4680 10120 720 80 )
( GRASS 6160 10120 640 80 )
( GRASS 6920 10120 80 80 )
( DIRT 4680 10200 720 80 )
( GRASS 5080 10200 80 80 )
( DIRT 6160 10760 640 1200 )
( DIRT 6920 10240 80 160 )
( DASH_BLOCK_R 3320 10280 240 80 1 )
( DIRT 4720 10280 800 80 )
( GRASS 5160 10280 80 80 )
( GRASS 8520 10280 1840 80 )
( DIRT 18120 10320 1360 160 )
( DIRT 20840 10520 80 560 )
( GRASS 3320 10360 240 80 )
( DIRT 4760 10360 880 80 )
( GRASS 5240 10360 80 80 )
( DIRT 8160 10600 2560 560 )
( GRASS 9640 10360 400 80 )
( GRASS 10320 10360 480 80 )
( GRASS 10920 10360 240 80 )
( GRASS 11400 10360 400 80 )
( GRASS 12160 10360 320 80 )
( GRASS 12640 10360 160 80 )
( DIRT 3320 10880 240 960 )
( DIRT 4800 10440 960 80 )
( GRASS 5320 10440 80 80 )
( THORN_BLOCK 5720 10440 240 80 )
( DIRT 12160 10680 320 560 )
( DIRT 12640 10600 160 400 )
( DIRT 18160 10440 1440 80 )
( GRASS 19120 10440 480 80 )
( GRASS 20600 10440 240 80 )
( DIRT 20760 10600 80 400 )
( DASH_BLOCK_R 2120 10520 240 80 1 )
( DIRT 4840 10520 1040 80 )
( GRASS 5600 10520 480 80 )
( DIRT 18200 10560 1520 160 )
( DIRT 20640 10600 160 240 )
( GRASS 26960 10520 160 80 )
( GRASS 200 10600 400 80 )
( GRASS 2120 10600 240 80 )
( DIRT 5080 10960 1520 800 )
( DIRT 26960 10800 160 480 )
( DIRT 200 10720 400 160 )
( DIRT 2120 11000 240 720 )
( DIRT 18240 10680 1600 80 )
( GRASS 19200 10680 320 80 )
( DIRT 20520 10680 80 80 )
( GRASS 640 10760 480 80 )
( DASH_BLOCK_R 1000 10760 240 80 1 )
( DIRT 18280 10760 1680 80 )
( DIRT 440 10840 880 80 )
( GRASS 1000 10840 240 80 )
( GRASS 10640 10840 2400 80 )
( GRASS 15960 10840 1040 80 )
( DIRT 18040 10960 1200 320 )
( DIRT 560 11120 1120 480 )
( DIRT 9440 10920 5120 80 )
( GRASS 15240 10920 400 80 )
( DIRT 15960 11320 1040 880 )
( DIRT 25120 10920 160 80 )
( DIRT 9480 11080 5200 240 )
( GRASS 14840 11000 400 80 )
( DIRT 15240 11360 400 800 )
( GRASS 19920 11000 1120 80 )
( GRASS 26320 11000 1120 80 )
( GRASS 14440 11080 400 80 )
( DIRT 14840 11400 400 720 )
( GRASS 19240 11080 240 80 )
( DIRT 19920 11080 1120 80 )
( GRASS 20600 11080 240 80 )
( GRASS 14040 11160 400 80 )
( DIRT 14440 11440 400 640 )
( DIRT 18200 11160 1520 80 )
( GRASS 19040 11160 160 80 )
( DIRT 19920 11160 1600 80 )
( GRASS 21080 11160 720 80 )
( THORN_PROTUDE 21760 11160 160 80 )
( GRASS 22160 11160 160 80 )
( THORN_PROTUDE 22560 11160 160 80 )
( GRASS 22960 11160 160 80 )
( THORN_PROTUDE 23360 11160 160 80 )
( GRASS 24000 11160 640 80 )
( DIRT 10120 11240 4400 80 )
( GRASS 13080 11240 1520 80 )
( DIRT 14040 11480 400 560 )
( DIRT 19440 11480 4000 560 )
( DIRT 21760 11480 160 560 )
( DIRT 22160 11480 160 560 )
( DIRT 22560 11480 160 560 )
( DIRT 22960 11480 160 560 )
( DIRT 23360 11480 160 560 )
( DIRT 24000 11480 640 560 )
( GRASS 24760 11240 880 80 )
( DIRT 12360 11520 2960 480 )
( GRASS 25240 11400 80 80 )
( GRASS 27080 11400 1520 80 )
( DIRT 27800 11560 80 240 )
( THORN_BLOCK 24840 11640 1040 80 )
( GRASS 25440 11640 160 80 )
( THORN_BLOCK 25600 11640 160 80 )
( THORN_BLOCK 25920 11640 160 80 )
( THORN_BLOCK 26240 11640 160 80 )
( GRASS 27040 11640 1440 80 )
( GRASS 28360 11640 1040 80 )
( GRASS 24840 11720 1040 80 )
( DIRT 25440 11720 160 80 )
( GRASS 25920 11720 800 80 )
( DIRT 27600 12040 2560 720 )
( DIRT 25000 12040 2640 560 )
( DIRT 26200 12360 240 80 )
( COIN 2600 10120 40 40 )
( COIN 1480 10360 40 40 )
( COIN 4680 9720 40 40 )
( COIN 4760 9720 40 40 )
( COIN 5640 10120 40 40 )
( COIN 5720 10040 40 40 )
( SWING_BULLET 6920 10000 80 160 )
( MOVE_SWITCH_BLOCK 6520 10200 80 80 )
( MOVE_SWITCH_BLOCK 6600 10200 80 80 )
( COIN 1560 10280 40 40 )
( COIN 1640 10280 40 40 )
( COIN 2680 10040 40 40 )
( COIN 2760 10040 40 40 )
( COIN 3720 9880 40 40 )
( COIN 3800 9800 40 40 )
( COIN 3880 9800 40 40 )
( SWITCH 6840 9560 80 80 3 )
( ROCK_GENERATOR 7560 9440 80 160 0 )
( COIN 8680 9640 40 40 )
( COIN 8760 9640 40 40 )
( COIN 8840 9640 40 40 )
( ONE_EYE 8840 9720 80 80 )
( ONE_EYE 8680 10120 80 80 )
( COIN 8280 10040 40 40 )
( COIN 8360 10040 40 40 )
( COIN 8440 10040 40 40 )
( COIN 10120 10600 40 40 )
( COIN 10200 10600 40 40 )
( COIN 10280 10600 40 40 )
( BEnem 10840 10720 80 160 )
( SWING_BULLET 10840 10240 80 160 )
( COIN 11320 10120 40 40 )
( COIN 11400 10040 40 40 )
( COIN 11480 10120 40 40 )
( SWITCH 11480 10760 80 80 0 )
( MOVE_SWITCH_BLOCK 11880 10840 80 80 )
( MOVE_SWITCH_BLOCK 11960 10840 80 80 )
( ONE_EYE 11480 10200 80 80 )
( WOOD_BOX 4640 10000 160 160 )
( COIN 10120 9560 40 40 )
( COIN 10200 9560 40 40 )
( COIN 10280 9560 40 40 )
( STAR_COIN 12120 9240 80 80 )
( COIN 12600 9320 40 40 )
( COIN 12600 9400 40 40 )
( COIN 12600 9480 40 40 )
( COIN 12520 9480 40 40 )
( COIN 12680 9480 40 40 )
( COIN 12600 9560 40 40 )
( MOVE_BLOCK 9880 10360 80 80 )
( MOVE_BLOCK 9960 10360 80 80 )
( MOVE_BLOCK 10040 10360 80 80 )
( COIN 12600 9720 40 40 )
( COIN 12600 9880 40 40 )
( COIN 12600 10040 40 40 )
( COIN 12600 10200 40 40 )
( COIN 6520 9480 40 40 )
( COIN 6600 9480 40 40 )
( COIN 9080 9640 40 40 )
( COIN 9160 9640 40 40 )
( COIN 9240 9640 40 40 )
( COIN 9160 9720 40 40 )
( COIN 9080 9720 40 40 )
( COIN 9080 9800 40 40 )
( COIN 9160 9800 40 40 )
( COIN 9240 9800 40 40 )
( COIN 9240 9720 40 40 )
( COIN 9240 9720 40 40 )
( COIN 12120 11080 40 40 )
( COIN 12200 11080 40 40 )
( COIN 12280 11080 40 40 )
( COIN 12120 11160 40 40 )
( COIN 12200 11160 40 40 )
( COIN 12200 11160 40 40 )
( COIN 12280 11160 40 40 )
( COIN 12280 11160 40 40 )
( COIN 12120 11000 40 40 )
( COIN 12200 11000 40 40 )
( COIN 12200 11000 40 40 )
( COIN 12280 11000 40 40 )
( COIN 14200 10840 40 40 )
( COIN 14600 10760 40 40 )
( ROCK_GENERATOR 14120 10880 80 160 1 )
( ROCK_GENERATOR 14520 10560 80 160 1 )
( ROCK_GENERATOR 14920 10720 80 160 1 )
( ROCK_GENERATOR 15320 10400 80 160 1 )
( ROCK_GENERATOR 15720 10560 80 160 1 )
( ROCK_GENERATOR 16040 10240 80 160 1 )
( COIN 15000 10680 40 40 )
( COIN 15400 10600 40 40 )
( COIN 15960 10520 40 40 )
( COIN 16040 10520 40 40 )
( COIN 16120 10520 40 40 )
( MOVE_BLOCK 16680 10840 80 80 )
( MOVE_BLOCK 16760 10840 80 80 )
( MOVE_BLOCK 16840 10840 80 80 )
( MOVE_BLOCK 17080 10520 80 80 )
( MOVE_BLOCK 17160 10520 80 80 )
( MOVE_BLOCK 17240 10520 80 80 )
( COIN 16760 10200 40 40 )
( COIN 16680 10200 40 40 )
( COIN 16840 10200 40 40 )
( COIN 17160 9880 40 40 )
( COIN 17080 9880 40 40 )
( COIN 17240 9880 40 40 )
( COIN 18120 9480 40 40 )
( COIN 18200 9400 40 40 )
( COIN 18280 9400 40 40 )
( COIN 19880 10120 40 40 )
( COIN 19800 10040 40 40 )
( COIN 19960 10040 40 40 )
( COIN 19880 10040 40 40 )
( COIN 19880 9960 40 40 )
( COIN 19880 9880 40 40 )
( ROCK_GENERATOR 20520 10560 80 160 1 )
( ROCK_GENERATOR 20760 10320 80 160 1 )
( STAR_COIN 18840 10920 80 80 )
( COIN 18760 10840 40 40 )
( COIN 18840 10840 40 40 )
( COIN 18920 10840 40 40 )
( COIN 18920 10920 40 40 )
( COIN 18920 11000 40 40 )
( COIN 18840 11000 40 40 )
( COIN 18760 10920 40 40 )
( COIN 18760 11000 40 40 )
( ROCK_GENERATOR 19000 10560 80 160 0 )
( COIN 21080 10840 40 40 )
( COIN 21160 10840 40 40 )
( COIN 21240 10840 40 40 )
( COIN 22120 10840 40 40 )
( COIN 22200 10840 40 40 )
( COIN 22920 10840 40 40 )
( COIN 23000 10840 40 40 )
( ROCK_GENERATOR 25160 10800 80 160 1 )
( COIN 24600 11000 40 40 )
( COIN 24680 11000 40 40 )
( COIN 24760 11000 40 40 )
( MOVE_BLOCK 25640 11400 80 80 )
( COIN 26760 10920 40 40 )
( COIN 26840 10920 40 40 )
( COIN 26840 10840 40 40 )
( ROCK_GENERATOR 26520 10640 80 160 1 )
( BEnem 26360 11520 80 160 )
( BEnem 26360 11280 80 160 )
( COIN 25720 11320 40 40 )
( COIN 25800 11320 40 40 )
( COIN 26040 11320 40 40 )
( COIN 26120 11320 40 40 )
( COIN 26440 11160 40 40 )
( COIN 26520 11160 40 40 )
( COIN 26600 11160 40 40 )
( COIN 26680 10920 40 40 )
( COIN 26680 10840 40 40 )
( COIN 26680 10760 40 40 )
( COIN 26760 10760 40 40 )
( COIN 26840 10760 40 40 )
( STAR_COIN 26760 10840 80 80 )
( GOAL 28480 11560 160 80 )
( COIN 27640 11160 40 40 )
( COIN 27560 11160 40 40 )
( COIN 27480 11160 40 40 )
( IRON_BOX 17600 9760 160 160 )
( PLAYER 160 10480 160 160 )
( ROCK_GENERATOR 18840 10320 80 160 0 )
( BREAK_BLOCK 8120 10080 80 320 )
( BREAK_BLOCK 19240 10320 80 160 )
( BREAK_BLOCK 19400 10320 80 160 )
( BREAK_BLOCK 20680 10320 80 160 )
( BREAK_BLOCK 19400 10560 80 160 )
( BREAK_BLOCK 20440 10560 80 160 )
( BREAK_BLOCK 19320 10880 80 320 )
( BREAK_BLOCK 20520 10880 80 320 )
( BREAK_BLOCK 19080 10960 80 320 )
( BREAK_BLOCK 20760 10960 80 320 )
Layer: 1
( PERMATION_BLOCK_DIRT 9080 9640 80 80 )
( PERMATION_BLOCK_DIRT 9160 9640 80 80 )
( PERMATION_BLOCK_DIRT 9240 9640 80 80 )
( PERMATION_BLOCK_DIRT 9160 9720 80 80 )
( PERMATION_BLOCK_DIRT 9160 9800 80 80 )
( PERMATION_BLOCK_DIRT 9080 9800 80 80 )
( PERMATION_BLOCK_DIRT 9240 9720 80 80 )
( PERMATION_BLOCK_DIRT 9080 9720 80 80 )
( PERMATION_BLOCK_DIRT 9240 9800 80 80 )
( PERMATION_BLOCK_DIRT 12120 11000 80 80 )
( PERMATION_BLOCK_DIRT 12200 11000 80 80 )
( PERMATION_BLOCK_DIRT 12280 11000 80 80 )
( PERMATION_BLOCK_DIRT 12280 11080 80 80 )
( PERMATION_BLOCK_DIRT 12280 11160 80 80 )
( PERMATION_BLOCK_DIRT 12200 11160 80 80 )
( PERMATION_BLOCK_DIRT 12120 11080 80 80 )
( PERMATION_BLOCK_DIRT 12200 11080 80 80 )
( PERMATION_BLOCK_DIRT 12120 11160 80 80 )
