( Dirt 3168 216 96 108 )
( Dirt 3072 270 96 108 )
( Dirt 2976 324 96 216 )
( Dirt 3456 378 96 324 )
( Grass 2112 432 192 54 )
( Dirt 3264 432 192 54 )
( Dirt 2112 486 192 162 )
( Dirt 2976 540 192 54 )
( Dirt 3072 594 96 54 )
( Dirt 2112 648 288 54 )
( Dirt 3072 648 384 54 )
( Dirt 2112 702 384 54 )
( Dirt 2112 756 480 108 )
( Grass 1440 810 192 54 )
( Grass 768 864 480 54 )
( Dirt 1440 864 192 54 )
( Grass 1632 864 480 54 )
( Dirt 2112 864 576 162 )
( Grass 0 918 576 54 )
( Dirt 768 918 480 162 )
( Dirt 1440 918 672 108 )
( Dirt 0 972 576 108 )
( Dirt 1440 1026 1920 54 )
( BEnem 1106 814 100 100 )
( WOOD_BOX 1778 810 100 108 )
