( Dirt 2784 162 288 54 )
( Dirt 2688 216 192 54 )
( Dirt 2688 270 96 216 )
( Grass 1536 432 192 54 )
( Dirt 3072 432 192 54 )
( Dirt 1536 486 192 54 )
( Dirt 2688 486 192 54 )
( Dirt 3168 486 192 54 )
( Dirt 1536 540 288 54 )
( Dirt 2784 540 96 54 )
( Dirt 3264 540 96 108 )
( Dirt 1536 594 384 54 )
( Dirt 2880 594 384 54 )
( Dirt 1536 648 480 54 )
( Grass 768 702 192 54 )
( Dirt 1536 702 576 54 )
( Dirt 768 756 192 54 )
( Dirt 1536 756 672 54 )
( Dirt 768 810 1536 54 )
( Dirt 768 864 1632 54 )
( Grass 0 918 768 54 )
( Dirt 768 918 2016 162 )
( Dirt 0 972 768 108 )
( BEnem 530 868 100 100 )
( WOOD_BOX 1298 756 100 108 )
( BEnem 2642 868 100 100 )
