( Dirt 3072 108 96 378 )
( Dirt 2880 162 192 54 )
( Dirt 2880 216 96 162 )
( Dirt 2880 378 192 54 )
( Dirt 3264 432 384 54 )
( Grass 1920 486 96 54 )
( Dirt 3072 486 192 54 )
( Dirt 1920 540 96 54 )
( Grass 2016 540 96 54 )
( Dirt 2976 540 192 54 )
( Dirt 1920 594 192 54 )
( Grass 2112 594 96 54 )
( Dirt 2880 594 96 108 )
( Dirt 3072 594 96 162 )
( Dirt 1920 648 288 54 )
( Grass 2208 648 96 54 )
( Grass 1152 702 96 54 )
( Dirt 1920 702 384 54 )
( Grass 2304 702 96 54 )
( Dirt 2880 702 192 108 )
( Grass 1056 756 96 54 )
( Dirt 1152 756 96 108 )
( Dirt 1920 756 480 54 )
( Grass 2400 756 96 54 )
( Grass 960 810 96 54 )
( Dirt 1056 810 96 54 )
( Grass 1248 810 672 54 )
( Dirt 1920 810 576 108 )
( Grass 0 864 672 54 )
( Grass 864 864 96 54 )
( Dirt 960 864 960 54 )
( Grass 2496 864 96 54 )
( Dirt 0 918 672 162 )
( Dirt 864 918 1728 54 )
( Dirt 864 972 1920 54 )
( Dirt 864 1026 2208 54 )
( BEnem 1010 760 100 100 )
( BEnem 1202 652 100 100 )
( WOOD_BOX 1490 756 100 108 )
